-15
-5
-7
5
6
15
17
16
13
13
-7
-5
-8
-6
-7
2
8
12
15
15
16
7
-6
-23
4
-2.7
-4.2
2
14.4
14.5
20.2
15
11
9
-5
-3
-6
-1
-1
7
5
16
19
18
16
13
-15
-10
-6
-14
4
5
6
24
22
17
9
5
-4
-2
-16
1
5
-1
12
19
21
17
13
2
4
-18
-1
-10
1
15
5
21
12
18
6
6
-8
2
-1
-12
-4
6
6
20
21
21
6
9
-5
-9
-3
-10
-1
1
7
15
20
21
12
4
2
-4
1
-9
-3
0
7
21
18
15.1
9
3
-6
-0.1
-2
-4
7
9
12
19
21
18
13
1
-1
1
-6
0
1
4
14
24
16
13
7
-4
-10
-9
1
-2
1
4
12
26
17
17
11
0
-6
1
1
2
6
4
9
23
12
15
12
9
-8
5
-4
-2
-6
5
15
11
18
19
8
5
2
-10
-10
-3
-0.1
5
12.5
13.8
14
14.6
15.7
9.2
-3
-10.5
-3.1
-9.7
-7
3.1
18.6
19.5
18.9
19
6
0.2
1.3
-3.4
-11.1
-9.2
-0.3
1.8
8.7
21.2
18.3
20.9
9.8
5.1
-2.5
-6
-0.9
-6.2
-6.7
8.2
5.3
14
17.2
14
11.2
5.8
0.2
-2
-10.4
-13.6
-5.1
-1.2
13.9
14.1
20.6
16.1
7
1.8
0.3
-13
-4.5
4.1
0.8
5
11.8
11.9
16.1
13.4
12.8
5
-2.9
2.1
-0.9
-7
0.2
12.1
14.2
15.2
14
19.8
12.8
8
-6.6
-7
-11.8
-6.2
-2
2
20.9
15.2
19.6
20.3
9.8
7.9
-3.4
1.9
-21.1
-11
-0.2
7.3
4.1
23.3
17.8
14.3
12.1
9.6
-2.3
-9.4
-19.4
-10.3
1
-1
14.8
14.5
18.6
14.5
9.8
5.3
-1.1
-21.7
-1.1
-1.8
-2.1
-0.8
12
15.1
24.1
11.8
9.5
6.7
-1.9
-9.9
0.3
-15.5
0.8
11.5
23.4
20.2
16.6
11.2
8.5
-8.5
-3.6
-4.8
1.9
1.9
6.4
11.5
19.6
17.4
19.7
19.6
7.9
-2.4
-9
-11.6
5.1
1.8
11.6
9.3
17.5
19.9
17.3
11.5
4.5
-13
-3.2
-0.9
0.3
2.8
2.1
10.7
14
18
16.9
7.1
1.4
-6.4
0.3
1.6
-1.2
-2.2
3
7.1
16.6
24.5
20
10.6
2.9
-4.9
-2.7
-17.7
3.4
1.8
9.4
20.7
14.7

18.4
3.6
-4.7
-12.1
0.2
-4.1
0.2
9.5
15.1
14
18.8
14.6
14.7
7.6
3.3
-8
-10.5
-3.9
3.1
7.2
19.5
14.4
18.1
15.4
10.2
9.9
-3.2
0.1
-15.4
-9.6
-4.1
7.3
7.4
17.4
18.6
13.3
15.7
6.3
2.5
-13
-11
-4.9
3.7
13.3
13.3
12.9
21.5
23.7
6.7
0.9
-5.1
-10.7
0.1
-0.5
-0.7
13.1
7
19.2
25.6
17.5
9.4
-3.5
-10.8
-7.4
-11.8
1
3.6
14
11.8
20.5
17.6
11.2
5.9
-12.7
-9.2
-0.8
-7
2.2
1.4
11.1
18.3
16.8
17
15.5
2.5
-1.7
-3.4
-13.4
-2.5
-2.7
6.8
13.2
17.4
19.1
22.4
14
2.1
4
3.9
-7.6
-12.5
2.8
7.4
17.7
15.9
20
21.2
14.6
10
-1.2
4.7
-1.8
1.7
-3.7
8.4
9.8
15.1
15.5
15.3
11.6
9.7
-3
-4.7
1.6
-2.2
2.7
4.1
11.7
13.9
16.5
17.2
13.3
2.5
6.2
-9.3
-8.3
-19.2
-3.6
6
16.5
15.7
21.4
15.3
10.8
1.4
-6.2
-13
-6.2
-12.6
2.7
5.8
15
16.1
22.6
17.2
15.8
7.2
1.9
-4
-4
1.6
5.3
1.5
11.7
18.8
17.7
14.7
11.9
3.2
6.9
-8
-8.7
1.1
-3.6
7.7
20.5
16.9
18.4
18.7
15.6
4.4
-3.3
-1.4
-7.2
-2.4
5
12.3
18.9
10.1
26.8
16
14.3
0.7
-1.2
-8.8
-4.1
2
-0.4
15.3
13.2
19
18.1
20.5
15.1
8.1
-2.3
0.4
-21.1
1.2
-1.3
5.1
11.5
12.4
23.2
14.9
14.9
3.1
4.6
1.5
-7
-5.7
0.8
8.9
18
11.2
17.1
17.2
11.5
4.9
-2.9
0.1
-6.3
-10.9
6.1
3.9
16.7
16.3
26.6
16.6
12.2
7.2
-3.6
-5.6
-17
-6.5
8.9
5.8
19
16.5
23.6
16.8
8.7
3
2
1.2
3.7
2.5
1.1
14.7
23.1
15.4
19.4
11.1
2
3.3
4.1
-4.1
-9.4
2.2
10.7
6.5
